-15.5891784214801	-7.63346545700083
32.4437840159038	20.34558427088
14.7985193769662	8.05104278903248
49.1544622196084	82.3259980009359
-38.6476850304553	-8.54005207943827
38.2620550542293	22.3308146375657
44.032267634755	-11.8188358228749
23.3078077169927	7.37665383969032
35.2331490532742	26.8214516638003
34.8768796151054	-3.73769286767151
-19.3783122834383	14.7493710554926
-7.27659548060505	-16.3564081840542
-36.9616076835543	-2.00475553273765
42.3334974363719	34.3898058856375
39.8542468764678	-15.4441703452147
36.0323986185836	-57.0962532255978
2.45083879933009	0.39815446344567
14.5448227412067	-2.55645515171134
26.5431165364502	36.8247140650654
-18.7887800634333	36.613336513335
-62.259430766204	15.9011917320554
15.2667263870429	-18.0111194713344
19.1793668874654	-17.8343054547015
-47.3754893194919	77.5811429164652
45.8512801126331	52.7120717925966
-28.0285135884707	1.4111828391438
38.8067645926643	-33.0448280920114
-43.6535749007479	73.268528944895
33.4925464166348	-60.7295647548061
-49.3846615899063	10.1801465928376
38.7485206132849	64.6684398364066
50.493020700513	-2.41346743245148
-39.5815254387193	35.1337252158033
-12.3936401103109	-11.4871741308445
-55.4118647842701	-4.65859223119636
-45.2079747103471	15.5418408342035
-35.7903325863359	52.3933909006351
-24.8829546956969	26.4702443927631
33.6415146284865	-12.30129376752
37.4408844222207	-15.231303158073
17.28458222941	10.3644271784892
-68.9480461534201	-0.791301518136054
-67.1500225577082	13.2890826375609
41.2224298618029	-24.2753569758133
31.476864252159	8.18758811046161
46.7821311052057	11.7620836561841
32.2310437736496	-15.8564420716085
66.5899061149411	-3.14813956350422
-47.9333773575601	11.6209813180733
17.9393466373344	-52.05424802025
-26.1566563623588	14.5968324719914
44.7740293185422	-8.36798909083295
-31.9370476649699	54.635641599891
-53.2525234660822	-7.16885479872541
38.4302806091356	-29.2356195737038
-33.1283954977782	19.2625786211332
23.4732337636116	-51.5966656981946
-30.7480711813128	5.16695121891543
-48.7986232517064	27.2307474730061
-32.4768059253732	14.1410070987182
41.7296891940226	11.4655487930426
57.2663040205959	86.5286343199528
43.2136521798089	16.6106728323405
13.9650286935924	-65.9829142307514
44.2289494842353	10.2211307708174
47.5215410574902	18.980168782311
45.1617425114937	26.3504112361387
4.62758078568295	-5.90113208604746
31.4526870675263	29.9529148848958
7.80930735002589	11.9682949906763
33.9256641969171	14.4029746541553
43.8046212489545	17.5594216295059
39.5439357046363	13.3326519613033
31.0200681996253	-18.5557419905729
39.8971643285116	-14.6488463299694
23.5351756468306	-62.3710611990247
-44.4199683753197	45.6306665853662
-46.3766284831673	-3.57160784426923
-47.2315672567531	-0.568404818581559
-42.9608099144301	22.6352685913932
32.6343216736262	-12.21075027204
-46.4251331631626	1.43169227013876
26.4354175200944	37.0226457155764
-17.2691776423606	-6.11150176327734
-38.5368562500603	23.9142330064144
5.89842508333874	-2.11093391034494
29.9879451530836	-25.340759386355
-23.7530199565507	-4.11724280825846
47.4097731787985	10.0841116570974
-67.7065869781796	31.4038352169699
-49.3954632660815	-10.73583940039
12.597702728795	13.7832375863822
-34.7120344776302	-23.360982381793
54.7038329442647	-2.16498858857745
-34.1901161716384	1.65822320945404
-40.7932093506453	7.37417174722004
43.9162345727426	-34.7547676065635
45.6562406000728	34.3621592657167
18.5402090101401	-1.17799464481061
-24.4657608310354	17.6090399462565
47.7985597704782	6.37025704871092
-47.0515641100237	10.2102043855404
17.8754315873634	-56.1320506843929
-27.7694551990557	44.812581454266
23.7072462470061	-83.6682041005463
50.3427029679844	4.8294346479127
49.118761635781	-50.7502677121487
44.1796489839386	-0.113221635181627
60.1811263586318	-15.0865755737842
43.5533653821903	-56.2215170177235
-44.776629312943	35.9026334661585
27.2715420863756	21.18691064681
43.7940317785183	8.2418647880862
-39.1917390474577	24.0117274334909
41.8612768276701	-5.21558715075335
-41.3083599801726	-9.35279863195052
48.4131473787864	52.649947480304
2.60606235100791	10.3193463661424
43.7416422056105	-11.0723916906628
47.3951821604234	-5.83249858197455
41.5153980514282	39.0443412731812
17.6575928288927	-9.0191085205878
37.0981403210339	1.98286966982996
-38.3515908505611	55.0677875781098
5.85870638846105	-13.0017463710662
41.6935541255608	-7.77195572848652
27.5305850857807	24.4630420108552
48.1884963218662	37.9868518078948
44.3443336116541	8.84244855970454
48.8433214845477	46.850502788613
2.64567024087898	5.92618099031584
-12.6199628737822	5.03774996795924
-43.4027341953628	-8.38040864601654
31.9495098548668	7.11126100076518
43.6068176627225	-18.6363012944714
-50.2284655411965	-26.6866952004737
44.3858994153462	8.79144597547319
-42.6409279256072	15.7509916807298
-12.8177049865339	16.4693697222576
38.9216054252456	16.4459886114301
36.5780232788884	0.989371783115004
-56.4269963360736	-7.11811614691317
-24.72016131011	-27.438230921816
-36.9694918120598	15.9463924167128
23.2460936652833	-6.64776535568015
-4.00439766224707	2.30873155294231
12.666629870308	-23.4652455834587
-64.2794533222943	21.577583125989
-47.2584474544436	-2.14233649350856
31.9563852642362	-25.8761840688232
-24.9491865661473	64.2312989561288
-34.2239118582361	-58.6431525716419
53.4022198769131	13.7524274922035
-10.5029457970891	4.10479684272076
-38.0008598430361	-85.3342572746759
-32.1455421398419	-4.13488788706238
29.013875689186	-52.0560520635419
-40.91810466941	62.909592509696
36.8891882033612	-74.2838467837358
34.9002089444564	26.1922520826044
40.978520184192	19.7234180137874
-54.7876237228719	13.291586527161
39.2068360583324	-3.92152731951538
58.0579248238357	-14.1438682814652
-15.6993150251521	-3.93935629368693
34.1469518274304	-82.447814659735
41.4302059269008	65.6103036250943
18.7164563256076	-10.2960194148236
16.3172016007152	-34.8924312603526
24.487275893149	10.8773660327563
-39.6010727661749	-3.46246336039114
32.3866090778125	-34.3948558024239
-38.4770953363869	-5.84990001806852
16.2735402226381	-8.06304706809709
-54.3883796801789	22.3801153774181
36.7141094497541	2.81873419279759
33.3230640504616	-83.9821400296842
-25.8193143046025	55.395387334204
-19.6803122224631	36.9009478289829
42.0512027779066	17.6624445955726
32.0807844921816	-28.3806895482676
-35.0637298427175	1.23171971084782
24.1232350008023	-47.7139191390456
52.2565394497102	43.680954589252
60.388888281207	102.764770888734
37.6368245998705	-72.2606186997751
-43.2378362134085	20.9169244164425
43.0386740688066	9.87040822361865
48.1907661668784	1.86684042890495
-29.6580831003288	14.5869164603622
-1.53731905751981	-4.30789077925333
-26.4547439013693	-5.39926290357331
-28.6480645313596	100.644387851241
38.3392870536401	-0.535122281994131
53.5289863474472	-4.53276036806213
25.9292366660264	-8.18350165193718
41.2070992617065	-2.70164990659163
3.62763450590387	-0.322660485971471
25.8681630255057	10.4155583190665
34.8499038307589	62.5489989356492
-69.5511383055161	8.76228815484425
27.9795146001869	6.25814714458805
-40.0090010659753	-1.81102223682785
-50.0253281159699	12.413548819232
-27.2045252888865	8.0646217504397
3.36774114563164	-0.968315423965806
39.7288337082512	22.8835486183104
5.30955343533799	4.02581302603024
-47.4027311113341	-18.218059809124
65.8017796782958	3.63480954642509
-27.1615771622841	50.3387375324805
-19.7712515509601	-7.09159929103003
35.4190706090699	64.8784735362658
-18.2541422088101	9.54710111821122
24.9040194796782	3.42618272111937
48.2412114696566	-7.1017161139931
11.1543245864861	-18.6395507164984
44.6521866603649	-27.3670470269704
-60.635465777955	-10.0679670447979
-24.8693971739706	2.25165795211924
45.1632532553953	23.6853445441528
-47.6392630938189	1.25416028011133
-25.8336383694868	6.61009757949191
45.4597250141422	34.1114868903699
38.9454784038848	-12.2012546214852
41.2659220625953	-26.4540321905685
36.5046664186152	32.6812244432837
-33.6603224076164	-2.44421247313824
-33.5382003750784	6.51774867585865
-32.6636193672719	18.9657932982216
40.9496589758799	21.359149349486
42.9312336125487	24.1615670435374
-37.3970963519067	16.4148315659839
-9.40852980370669	1.09917020239077
-52.3450145414945	17.4531780886741
-41.7482831125794	-0.153289365862417
-36.9501895896101	8.48271780210793
43.3895169156562	-1.94363472433336
-26.9399104567684	7.33273458239407
-28.8762549371366	-22.4730779164232
42.1172184023907	52.4532059499391
-31.9106495734795	17.6230615455959
45.1260348847884	-27.2608591806579
36.4305295478329	-5.78539803220568
43.5966669742173	-1.84794709524592
-11.5597546115982	2.28287271467726
34.2521177639315	-7.68022879928649
56.9121740728128	44.7463698251456
34.1083521532875	2.1491545163413
-19.069681141968	-13.4171093737552
11.0233797201616	16.1146486475016
36.031821902159	-3.47964051123666
49.1949577663935	10.6949327745275
28.1602688205073	-38.8666677011277
42.5278756029426	-9.22591677673291
54.0772426090626	12.0397002229032
-61.1942628743695	42.9333422750273
39.1899035898302	-11.8133253949532
45.8449589777764	11.4135421022885
-41.0888963840797	-22.4779421587805
-39.8501614006229	44.6942009681001
33.2843157465818	-19.8533603058464
50.4919783233599	21.3202526059285
-36.2399880011378	18.0085921266617
76.7710739149715	25.9963497148572
41.7963208899314	6.6896843548296
34.1717168752179	61.1049106289521
33.4109103843448	8.94888962835568
23.9596788919706	-4.92916219820486
39.7004479402516	-45.1440013423323
41.9416626888897	-54.6047650364931
45.3871965499435	37.7668726474123
-5.93608309258306	12.3919075328128
33.1996537891078	-41.803310184971
-51.927189854914	-36.3962571983009
35.5757438579963	-52.7067853301548
-23.0989656305321	-1.4108395930786
-4.68768419028857	8.13631423465137
-35.7799530879704	3.06398977715283
-46.9880851810816	38.2253568831084
-40.1210874679921	-77.7546505001697
-93.1438631517663	-13.1822735765065
-54.6085936384735	-20.7239113942432
-26.6262187824309	32.6125037172854
31.5582102808663	-5.39801982776458
42.2353804512529	42.5369328435212
-39.0577435139364	38.2818243728318
27.8873199828084	-111.227755564237
-48.4498986494243	-29.7161317727646
40.5070726091668	-35.4816604759929
35.3937088160833	-32.3667484545914
49.3873636681762	36.1769828597631
-40.4940474346102	59.7733354216257
5.64457249255703	-10.4291431697347
26.7914564533107	11.4655886184571
36.1655249113442	-27.4061820339501
21.0980387509159	-10.6891339173709
-21.7363264972815	23.7795087794235
-7.79313373583968	-17.168884888356
-34.3610288176862	-24.4780794802525
-34.0809883851799	-4.72974786044989
33.6462503653438	-18.521266761268
37.6614845717732	-8.56246999435182
31.8248313026302	-22.7586080966429
-5.83075734471738	5.6095268032429
9.20158401241409	8.68883775653055
26.521367306946	9.7643739518198
34.1307575916683	33.3611538258758
-2.08057009639082	7.01934630849849
-34.2005310662011	-8.80462182089203
-76.7273076664834	-12.1894590381358
53.2774680798333	60.30643038219
49.381911788687	28.1621692719785
47.8518093759204	-19.4044666834425
37.3514339868649	-74.1728097816836
-35.345260084093	-5.01313159032005
34.5578108912832	-27.0202819625749
-39.7464213713399	26.373368239197
26.2054459319112	-22.2840426185797
6.34438946525276	-9.55979246572425
41.5053092835475	36.1588217007127
0.170319035020996	-9.96264086865769
36.5536660943269	-83.9683288581005
39.4594432620726	-59.1514967856703
-49.0462566345405	47.3878155581689
-15.2403632321903	5.06845683725402
59.7726618999616	3.35513733831921
10.8080536597852	-5.22516592992237
31.4522216767922	-92.5431237759416
27.2394372417566	-50.5602771692011
39.5166092769986	40.5376971621406
38.9599184280655	-11.5870331201226
-4.00944010215069	-5.58747848267854
22.3988524579555	-9.38142173520922
-29.2971643571994	8.86111828605355
32.866520731054	26.0362068381413
-7.31241691004613	11.7270668735771
45.4503183566299	0.990058702350545
-7.9024078320874	3.8491914686141
37.9827651639229	15.123629951322
-27.1953599932331	3.81650517228895
49.4324489105757	9.34464283182092
-22.6569784812829	16.1752913918457
-62.2134243826479	6.646805977254
20.0856447705396	-62.0357990165296
-10.2474783137739	4.12434457029258
-34.2676263451549	-21.6273832271222
34.7442571118666	-28.3079466654804
23.1708992073542	-20.1250960074991
12.271647874413	16.7170708628962
40.7230559207674	19.0241622042094
34.746168186109	-0.396961813890253
-21.0565385760188	65.2147333297382
38.3669449255207	-6.16885473039422
35.4847580155523	11.9797810631822
40.1452287767486	-17.6484688426266
38.7455469500015	-3.70849504045441
-47.7531523258253	30.4958664460442
30.2127501743659	-36.4425362255081
-14.1982872554665	-7.58284025885462
27.3661900240477	-54.8129563889535
-32.7956071255685	-6.82064340500855
-33.5032084097344	23.6042807233791
51.8223324785359	12.9899813983925
47.9747013255984	-4.94400500944419
-41.4519811565809	35.2088495012546
41.4873734818603	44.4188128274534
40.2238567546326	-52.096293434939
36.7460629531337	11.3403765276975
49.1558798196389	-2.38787873677765
30.3700107555754	-26.0800271467281
43.6490367046988	-58.0927983634694
56.4664425525196	47.9615595195026
26.1936920240078	1.17222299461918
-39.1902318962321	6.83857884747792
2.29919611343438	-7.20797266863344
50.9668125095909	66.5527346617039
40.2056616928695	-3.59080934728122
31.1536148348527	-77.7220368119762
-31.6843109789832	-25.3635739969343
-7.21528119179127	-22.3196961390558
-15.7276517353608	-14.392079208032
47.5415288312052	19.2824496182557
36.8166631359826	-0.443943299331125
-36.8831617890554	48.0566046438209
-24.286715782236	-26.8843377202397
-13.7881075758691	4.2844772631399
70.9383137165191	74.6227675763007
19.0094482161895	-67.741155019245
-43.6905650861714	48.5012978836047
-18.8972459578499	-6.33995783082088
-34.075607088324	-4.87352519870741
38.5591930670848	-14.2781278723436
-46.2970661992466	7.74473467505051
46.5231016568954	32.4475002502901
47.4578468701491	59.1883789233796
2.64569067839178	-4.5183821045697
43.870868352103	-27.9464057816332
45.2890117797862	1.93066553698595
-36.2231832973376	8.52094450205797
52.934514125074	-7.81046273931573
-13.7057321906004	1.86264219804439
37.413146059154	-79.7662028459408
26.3779268167128	-23.9502498925276
27.5660778316495	28.9046848341422
29.8502379462783	-3.62672079984318
-45.8739302550805	-2.20439626829976
43.7992053617953	51.0709146629441
-37.3080250910803	-10.4035461354235
30.2923943567796	6.47569340098155
29.6328107966706	62.2909481173851
36.9159270958517	-0.0787576068549952
47.4957084160359	-7.22902394162736
0.303598207112441	8.491461324526
36.7964007403702	48.6953000807495
18.0975202996935	8.47711612006466
-17.2085140790055	2.46511561452943
-21.300742440212	-11.3394805378304
41.9510515855351	-19.2606308103674
-31.7760479395164	48.1737357677339
35.3238627585794	-33.6911146194295
37.7315588459512	5.41619953064317
11.3846521430776	-2.99973220279431
-24.3954648686705	59.099072666496
-40.5194159181263	1.48943755550155
34.4004711150882	2.40935699859909
-39.6784764087376	11.5818918904137
-26.198096294552	-26.0797664365046
40.9307452979336	16.7959897619574
17.2847990900011	8.7172580794936
17.5274373657653	-57.7502843079444
44.194499900321	44.7404995580567
17.045053481492	-5.18789422751863
11.7973665871233	4.70902018943436
35.2421758644383	-8.15373155028902
48.884365583378	89.659005954504
39.3728030489988	-44.6867842932841
-36.0096288789229	-3.85995567863528
-27.7636808993198	17.9973492143819
36.4621279492277	-7.69242362666844
42.5149348378615	-1.88567318457911
42.0415837827447	-38.5049210454303
36.1700656005668	-6.79428953875316
-6.64679973969512	15.7161593610371
45.226010520177	1.31558687543659
-2.68009825383035	-0.585941399854305
-34.145540321771	42.7014043454148
70.02821064375	-9.73372805937696
-31.6978200824917	-2.09492185068572
-11.7594698193312	-6.22014215066236
53.166118267807	57.1166412083171
40.1186608551011	-22.4025432822961
48.5855713602557	3.15228474928117
23.5940123004565	-16.6449459029242
41.7648886732965	-38.490813044602
-42.8661638922149	32.1662446819088
-41.5713792102175	-9.36779668627939
-41.1032347659833	71.4128853754167
-31.3575217582277	8.44199463236369
28.0675351755499	-9.81011578401708
21.1211860552137	-81.8263059575932
14.1632671262863	9.66430084794905
-44.987526550991	65.4330763340966
-41.6144837310928	3.47989755641289
-37.2962823208954	71.533641297765
-30.1114393653723	4.04100001395041
-53.5364385499497	67.7017989707589
-15.2795171386687	11.4467179509575
-50.1287926928179	46.4555966574796
50.1115409324229	-44.1813443125367
42.266190327811	31.5233838265003
-23.6743698261944	1.95407709786647
-20.7647218513368	-6.32648132745675
51.3340286045249	16.3276557163068
-57.3775556966312	9.61378032088978
30.2330399211594	-38.0210223026759
35.5833586016614	-25.3858875844187
50.7292109735649	4.11283984026203
-38.0120423289467	33.3208120583117
52.96235316068	100.544226345255
-24.8641536984384	5.20161804864044
48.1452733957431	-14.987035322747
42.1574655901937	5.19851035536431
-42.6254758077624	44.5379491374631
-0.556552045966812	-20.7511216881708
16.8258325962332	-29.3390496035082
-63.1664981195245	21.7441122585996
28.2504197608179	14.5569948620706
43.0683875534055	-31.451209120123
36.4902425319515	-46.5299211020076
45.1714324797094	24.1927489761784
43.4188180078555	-24.3752757347734
23.4269865484336	6.02579267693777
-42.0132643906917	68.1614939350418
40.0241282554194	-5.34438581913385
17.4817488480005	-4.42700854569273
38.6969656278282	16.1883114418895
39.2935822700726	21.7044277957838
-23.4392384908937	29.9254875382091
-52.373344031655	14.1447337630812
46.0007012427726	51.8087081786665
55.0296378528684	19.5643676476508
24.2768245732385	-7.77903268368282
33.1853677093231	-5.98865934867904
45.4728924241927	23.3448947041254
33.207348892804	7.19613927574912
-43.7828058696821	58.3451523609135
41.2040185373312	-27.2126322459776
-26.7398424256276	56.9271452111977
-29.012926003564	10.6042429926837
53.5574846880476	22.2363663792951
48.8069803298026	81.3092504160915
53.8036724817249	-48.9402491536628
32.9710959103259	0.103181609075486
34.5843736857998	25.7084257254388
20.9740266036536	-37.0020185241308
27.7398288384262	15.5786378901787
49.9342592484993	8.17189689419454
46.1998607851921	-40.1794221357033
-1.74688058760992	-6.92419834217713
-65.1262397769815	7.91974427443765
-49.3985556578338	40.8993212165222
56.8589299094893	16.6578083051486
31.9510148501244	-42.942562604927
-40.3284038283894	38.4451799285584
44.9245343629765	42.2716102745321
52.8338521658579	-47.124723616787
50.2002350991403	-5.62415265193963
36.1024977689565	-37.0425377415363
-52.1872823112903	41.8834851035483
-37.2898047153044	76.0069700881417
-21.1252559063131	6.91898179427242
-35.4202627607575	25.5231828991735
63.5886076015642	85.1382915360938
50.1428176574447	-12.4237477648269
29.8415129340674	-34.9288471546892
-45.0700189010525	36.5634452714541
-12.45731623511	-7.68684087698344
-49.273095733763	25.2249153234512
10.5563403735257	0.199035195588506
34.2361310469164	-66.3810607448005
39.2013215414973	-24.9253779440072
53.5759797255551	64.5873263568697
-31.7474446952459	-37.4666760588334
30.7332074557371	27.6185162088202
51.730272896989	57.296864568237
38.2667144646644	43.4071051756485
-54.9269013593946	-7.22473033319237
5.5778404463965	-1.7455913034634
51.6727984202943	52.0883849060996
-47.6026232436422	45.623972549166
-20.9643788275239	9.39813026732637
-55.7131354020466	6.38744258076984
38.6436184472918	-8.90578521486511
18.3791045360184	-14.2431778767948
11.93436580922	-15.7976322549927
33.0501874430251	-9.99663506675182
35.1719431532274	7.38450256870867
2.16253929790908	7.90330203584056
-22.7728078200307	57.4832354922512
-40.2308333717491	-21.1985229165533
-3.64033596629613	15.2044228367678
-37.2712768441718	-4.07225711438068
-70.1686545212043	-0.7326276261984
-48.5263545587474	23.2959324361335
35.9340704487832	62.3766545878318
-49.9396556415608	19.9943535526472
-15.2509756581089	42.5554264614478
41.6101537658947	87.585807519052
-43.5568124156823	26.6557304396274
39.4428235680136	-46.1475263175973
-34.0288650247129	46.3965054218252
-0.165170645867317	-25.0371815085245
-33.9265016563374	5.51663997974212
-52.1164089913676	6.92733833663175
46.7434751308647	41.6539608662136
-40.3805179112929	35.6216032792764
13.8578877251308	-2.71987298737144
39.5536944280292	61.0312584035144
31.6352257938961	15.9664047329266
-36.1366532225221	-15.3706077037258
17.7575526822454	0.236656155427095
6.94114145556751	-5.32686779107586
31.2863553767013	-46.9509049111527
43.9631190084762	16.767526140489
32.6694640672885	33.3768984512369
30.8554524258427	-45.8095056510153
-36.335542240509	-1.78932595205598
34.2787786243696	-12.8168869901867
44.1681910857489	-48.4293403094853
26.5676796702259	-50.7395827284656
38.5165849270405	36.458225950059
6.32299755489937	-10.379541855048
55.4802666121512	34.6846809860199
12.3285739031673	18.6974075251401
-5.04105275473045	-14.5012750368889
-43.2219544074076	-3.39866256429613
48.6027573710777	4.20023963124266
-0.158059196608615	-11.6238908733702
28.2158519384732	-10.7596767370835
4.46023094378494	13.1776341332912
42.8347890079406	6.7312371363231
11.8908671496573	-11.1456898770471
26.6068396739856	-16.7693302799421
18.0608457421161	10.4613650762913
-19.2329380954148	-3.22066855689228
-44.2665053632042	-21.6609800653376
5.92520766900497	0.370492300142759
-35.0672939604477	29.6058993742624
41.9807819774957	25.4079647502579
35.3287117677246	4.74764295260072
42.5469544862627	25.3273826031494
38.7489259810921	-14.2921552999648
36.9090877253816	-51.7827630999532
20.9968745066754	-14.9090329541949
32.0995062504829	-2.03144137153287
21.9303581643497	-46.1678359870838
32.8173000541926	-16.3488269763932
-44.3394973776669	92.7210725101124
55.2436262232074	12.8823060188005
37.9964023552932	-58.7928218873831
-27.2211242833575	-7.20271070083102
41.8215173199825	59.6868145160403
-34.0176895753492	11.3602283278892
-24.524329561497	-15.9877897182152
43.8723379246468	10.252664408478
42.210348405457	16.4031239944833
38.9874059125558	14.3295123159946
-50.4054814436708	74.3086408846624
54.8681809847055	17.1481528689248
41.0416727507473	-45.3676105356925
-55.1202551654808	17.2632486208636
-37.0714185584376	40.9077893102831
27.6196378243623	-47.8617422230425
-13.8103851695702	1.96272884326108
-42.437074773348	-6.88797176884419
4.74200049271937	6.76796613596919
-8.88463087645851	-11.8017201372925
45.1303608000498	-36.5346950851396
33.7764648917925	-16.6693167476353
44.4766938255586	44.9768397304202
-20.5493080733021	13.567252131584
-50.5521475380274	-70.7105114226568
34.4650044737427	13.0092579395588
18.1184321232896	6.66094130330088
59.75932675673	-3.62535615366697
-62.9449128197796	-11.7391887351486
20.7088977036479	-4.5207666229897
-47.9870222002247	-18.2483820091555
15.1774771864948	-2.73030787850346
43.8471672855116	-42.899160451369
-37.0322084027043	6.73578064163671
-21.7507709263839	45.2130296784553
-27.1481846407646	-17.7206056498065
35.0894568352517	2.04999126398501
-41.8049765601199	46.5285145021331
34.1256636792669	48.5652505780117
-44.9425423403327	46.9991221336787
-52.6959873112582	36.1067205500694
-17.5700676707044	-14.9290209951713
38.4011106223483	21.526176787563
44.624069136094	45.511138146685
43.238420119762	-45.7940954151968
-57.3791620371127	44.7621504548039
28.353372802486	-36.3854685443779
-30.7808944330825	19.6814289483989
-41.1064566578753	23.9072582985763
-37.2550475562078	-13.1238439260599
-22.5426925190317	-17.4407681826692
-41.3415729207037	-3.59978319010008
58.2585730029535	-15.076063055693
-16.5972641446435	15.4836312153129
-21.1328744227411	65.2170079029709
41.7069532398126	-10.9937519639719
45.8266792802702	60.4222417213647
-28.5924019480559	-0.929017733654421
35.2904694702925	-29.8094527315986
-18.2505619293528	36.3835473229284
33.1014596416487	6.00736882101411
20.0087322720712	-19.0318433799286
-39.3381609430423	2.90433202099175
17.7857467336118	7.04905730437959
46.9396020946501	28.5101907948912
48.0872237736105	52.2856670381493
39.4825171189035	31.568175170283
54.0777674343443	9.21206407561385
-40.9896507637304	43.8059399219418
51.6896957921523	63.7103048792467
-39.6955865722627	33.1943113542274
43.3023129592487	26.4828754763469
43.2211528138994	18.6174744885257
37.6147933850966	12.9464416006338
22.7863983824096	22.8320297920738
47.0159236813172	-38.6807050575787
-41.4237457472969	3.15261195042408
46.0303794361183	2.35187045866133
-3.55345904739563	-2.36852813903173
47.1109984600685	61.6561855865715
28.6961845800301	2.43383315604947
41.6957794770437	9.16729079883355
38.4702008184132	-29.4727521097266
39.3463981646213	-18.5663345612175
-45.4589863819534	74.6432404583391
35.5217890135259	-21.9657318373177
36.0647650933432	6.84907771041357
27.3535248458489	6.06748759835577
-29.1495804812271	32.8574137307135
35.4884585365887	2.49498453378565
28.5955440563857	-17.403357982536
-33.6428223045068	13.244290566911
-13.4520446094268	-3.49460529960576
68.7342515616955	46.7589280151424
-34.5604771121102	-12.1829892976748
34.5952657928675	17.9681621618483
19.4285664164147	-46.5003423844625
-13.145270444798	7.793578489525
50.6918489721621	35.5007923711323
-12.074942885957	4.80097431024549
5.425603491634	-22.2218281965385
50.7990330811417	20.0983416950893
34.2478643697629	8.73244959740591
35.2720711016566	-54.2379020882587
6.82318975478082	13.9382322014325
27.9952201766253	-7.74760411255818
33.4987721248765	-2.7063897072923
44.348385593373	46.6191667696463
3.42611268211189	8.80036788063919
-34.393733911281	25.6915018837144
29.3566513532138	18.8394311204946
25.9569519503139	1.63687048834877
-24.8589374610737	2.58609075489978
48.1804224720877	-0.145314992748081
-49.3845535999504	-20.1969072867907
41.171304698594	37.2274349971881
-32.6974275929984	-22.8455960807935
-51.2842890088302	20.8888056028121
42.0024436672652	28.3076981533678
47.3945433476195	0.583314932502269
-14.2818032218397	0.0023298090339716
-32.9791547530526	-13.2109442683083
27.4888591800552	-8.92329194861584
-32.1498161522733	-21.8514205306352
-35.9896512576989	28.970679330915
71.6291733416369	8.18541439701995
18.4052155563065	4.93819740802078
40.725017868515	-59.8421659300117
38.5007636459495	2.55774978366046
36.0787062628868	-4.70314880621649
-37.0723670268404	14.1278109190806
28.1989749859074	14.0917844815678
-51.5029753621163	25.0503085216788
-41.5077284879755	16.1007907738958
44.2084360755525	9.63756253706594
-11.5915418557123	-3.20966445522239
40.0066145361807	88.7669522632458
-50.417648820574	43.3640789926963
38.0532134764684	6.31014909599119
-31.156767983617	-9.32447564578073
16.5889739375494	-46.5162813701505
54.1928551936492	53.569539965626
21.6829166080977	-67.5297265457711
-38.86309729823	40.5515373952061
39.1239807207525	-50.9753029792499
-21.0742613315845	4.6004729441215
-42.4652535761863	-15.5697279130305
27.7104649683751	-29.4851670070299
31.7344775848094	-12.9251207759951
41.8320498754863	-22.7665216391515
47.6384970595591	0.446688020926961
-34.7965828426077	21.3830113508317
40.6981040672779	-5.18170248570149
35.5671191396827	14.4564587810927
15.7972667452961	-23.9884954513398
47.7182498354067	37.9731805494573
48.0315037607021	48.7845290204991
46.2356620037398	-8.95971748800339
3.4125510268981	6.23235138340601
43.5471066366707	36.7236795261239
29.228503166578	48.4374871374256
48.5556960424071	28.4180510372183
11.0388717076926	-1.99230338858174
38.3810299819244	-8.92986057473613
-24.0925340363292	-2.94674406000842
-34.417300545168	12.9741726213665
2.47346671082695	2.35621174498232
39.4727548808466	-42.1652699901891
26.4199283230993	-11.9892036798884
-43.7971823891446	-0.252240948168971
48.5042195197434	77.0047263573967
56.8540787249037	20.966266077445
46.8806837658387	0.0469314208647754
38.3714916286346	8.56688602107356
-48.2442294676707	-4.45551878091392
50.1471746209011	31.4966665348659
-31.645547559769	26.5728217224405
46.859448814467	-13.252918735449
34.2980717621891	-25.1755730446022
29.7372462766447	-11.727452154735
-39.2518924019968	30.5373654245761
-41.0326928753841	-11.4025407228758
44.9538861756343	19.643444644901
2.21450258754271	4.60281689336404
47.3407084751495	38.8019100664873
28.6217760876609	-24.7586805179069
-41.6021137459926	59.7883644353382
-61.0484230186965	60.1583367076678
-28.4174602211945	-14.5804897294206
-51.2383952831579	-5.34970979201665
-28.6928916694381	0.740352767153608
-40.7871720261878	15.23874211631
-34.7368303004889	44.8867001169601
28.868159795771	-31.0445148497147
49.1702028531196	51.8085493889925
32.0461660626612	-39.4333743183946
36.5004018027941	-60.3333182417342
38.6487952810974	25.4080913637423
-36.5080595924299	37.7097127043485
-16.2783882982176	3.34625850823851
33.970324456829	-26.8463035160574
59.296319923285	74.3738511715327
9.92559493405139	-3.22872148252167
21.385051574785	-1.03430772938872
-44.6969749493463	49.3551143826379
-43.1891883557742	31.3122272180976
20.2947743180894	-63.812403217592
-57.215375163277	1.10915384255981
-45.1992482097921	-28.6324164408196
-37.0831579493295	-39.3796176608613
33.7161877874348	7.9465231931084
39.5531452155839	-14.5519168449409
43.7400764484884	-58.6585484702867
33.0143587781127	-3.25615656520989
-41.9542805708899	34.1558964212477
-14.5291060078659	-2.44276114839701
46.1178969359116	-23.061363166659
-31.1623020582805	0.963981378966931
-2.1496893525335	-3.54329532722468
23.5108221605703	-12.9282791439664
29.7076598764205	-45.3022708638584
-14.4027043749849	-0.238079438796089
-48.4103972517155	-30.6636498187909
-17.9388562707408	-12.1423701393333
44.8304642033665	4.3343703729942
38.1975320405041	-30.7010786614402
28.7819043186531	0.0741066418706735
-51.7069068210449	58.1940824191775
-35.4637694940961	41.0299807549384
50.7010005670528	41.2091583687876
43.8397439802248	-2.84084978131503
58.165943744947	34.9629604030012
50.6019064013257	6.12595153404804
-36.1520122871577	-8.36432721784687
-3.00225835062996	-2.43363842678495
-34.1148742076547	-24.9986508282146
-53.8014303110088	17.8853763618736
-12.4524133193396	2.32217865341946
-38.2913272819563	-9.21412341177287
30.1578511936111	12.7304443608825
49.9085496920792	5.68910931531065
-46.1774274196593	53.0827359470886
53.5076675579435	61.8586304515862
-4.8257327254679	18.0524913838595
45.6090604657303	-33.0573026339942
27.0867764600063	-15.9793828447426
-33.777475291234	0.383946006995968
-22.1212558696993	31.3556542388946
33.8135231649083	-71.6062517022484
-35.5681141200325	0.313464249762422
46.6691643665587	34.3748840601006
31.9417181143153	-25.9430417178848
-19.175320321331	11.023711323152
33.6358223208106	-11.6697848535956
-41.6137242667712	15.4732471258123
63.9399124600903	-3.90251176071319
16.2673031262982	-76.2024756040141
24.1835430054995	9.05379944776226
41.2901660321048	4.80899384272021
43.7440858498163	-47.1117036383871
-24.7963180034199	1.89505504913596
-37.7169903505712	65.0411966654243
48.4748970291614	-6.39978358028276
-29.9860478382458	-11.3281115156651
-38.2632747536573	32.227596045448
-48.5782951744654	48.0953476781909
-40.6477504540234	62.7388166416437
-34.0524929663255	34.4933338512959
45.1999983901	-1.03471001265175
50.6030521121753	69.5957160640181
-62.2873287847666	-2.46428538892834
5.25367799215175	-10.7770356248714
58.2024883709602	56.4941586706801
-26.4804905556233	6.4110587499637
-47.2132251200087	-28.4980611731913
-27.6652177942294	-23.9072096842717
36.1179023552675	-95.2998784229782
-36.1682911215839	3.09704096527678
51.6015815574318	102.02508220656
-28.0986348182017	37.1904923827193
38.1672714850558	0.52508364250529
-21.6184433500565	-2.51669542423021
-53.1416032578951	14.0717371764016
-28.524639649642	-5.34525972673249
-35.2253588242824	8.27971782835523
-19.419822588987	23.0804819827733
-50.3201468655044	-7.65088320703361
14.8149948010023	-55.301589305044
30.8903522020666	-57.690217947427
37.9573713482462	-22.3225860356765
-49.0729377592155	-15.2303507705966
47.3659407244995	30.4358594519979
39.582967567657	9.45327089712618
44.3481168863732	-9.80495778547366
32.9179265726625	-36.5854980078438
25.0435625759026	50.2387129907152
46.2201146115325	43.8032745188747
-46.5409896405844	31.9149916032605
49.7230022732724	34.7703024344529
35.0193426016881	-16.6362960921668
43.7820868933553	37.0640847541595
41.4987562436871	26.3118383158794
-0.00401601773963276	-5.02552845496203
70.122581010601	100.522043833005
30.0667714537617	-36.674982253763
-0.28654093133038	10.6130287222977
9.12629196736555	7.9206563385384
43.7950822193025	35.2374676129804
-49.3639925524678	32.3549592264186
26.4362285109048	-26.8552692049844
-42.3066517529781	-19.9913613990631
16.7679233919355	8.16370030743581
43.6241975251837	16.7883902719234
-51.3514353812399	-6.02720809251893
38.3708132687697	0.302708771278561
46.5714553578542	5.32152333574052
40.0705737069266	-48.711820587702
-6.91420480499302	-4.05950658210911
51.082759052539	-4.73458901920153
45.7724838755485	81.7895272253057
47.3929772479624	19.0309331274183
-14.884481439144	-10.1197599681112
-24.8044772665908	64.0138555439547
-48.82340878042	11.2125720630187
-43.2160575070173	14.8852088618236
47.8633417322039	9.35999032824339
34.8291022564979	-13.2955621122804
-42.0093516270109	55.8845862750996
48.2946959968303	20.517858378316
36.0523819675735	-37.7821889575334
47.4935750506471	79.6878028419451
40.0862055535312	10.464028277949
-28.6742818872277	-45.1897895961033
27.4134303704191	-3.37944053476181
4.05357124372285	-14.978435170299
11.3807838018762	-6.98331942747272
53.5990607717359	62.1663515737711
-35.9276594805378	-3.47314727881526
-20.6787684668393	-2.45016797433405
49.0659517012817	-71.6399022634062
50.7997534530664	59.6104433774408
31.1821496214287	21.2098708182508
52.584849812654	-52.0947193327018
-34.7877052181438	7.00139800475374
40.6174080887715	5.13564227366266
34.6882179523862	-22.7288396945605
-33.5593147172711	47.8369110826259
-30.4753263499	60.0788693011441
57.3838072378044	64.6403356076768
33.3433727119259	-2.81867381841219
59.8873786346108	8.5978605163539
-40.8315387944929	65.2855972478659
-40.6829411973025	19.1597036162348
-37.0776396455461	11.1880567980637
-27.2044259886373	67.6676981473453
30.9605747617413	-31.0996460950379
10.4685902787337	-41.5309172851769
36.1576301679498	-14.037690848961
24.191610056889	-81.3542337594312
-52.5515395229028	8.82541427341339
15.4503492820424	-10.8961649750643
-34.5852257572266	44.4262345138098
32.1658911325966	-58.0679976684649
-61.4887678915425	17.2438131157469
40.855726682376	12.1335493775889
29.2996932560113	-38.6318637271094
37.4624243025144	-5.21764075415243
-39.7986417570249	60.3286838023614
48.9763295503217	11.0783100437178
35.90338816268	-55.6815751620369
39.573745893298	19.5767508490335
0.183147488520833	1.42998226970202
36.9073894666786	-44.2212592232747
-41.8288380132442	11.5610772885058
-27.3228324942294	-8.00095075438028
-42.1558119615578	35.9658354111648
41.4325029817689	80.0157751424046
-43.8945842106793	75.5159402671452
-51.3653188753412	-0.301506467711166
-20.0106672224999	-18.361484599142
42.6881464635416	61.7597335914472
35.1534384061671	-3.93646400917904
42.8113574826548	49.3705219801039
35.6670710466814	-18.3645342400683
28.6844520976145	-74.3041452329849
-26.0509007154408	83.6096914137707
43.3297387804497	29.9502516752144
49.8654582155788	-15.2367564810612
-40.2072759688218	-34.2310457102689
60.8028185551861	-2.10953801310983
30.9949423704465	-26.1846669224988
25.8508582298176	14.3194711797512
58.5601985548407	11.0458813770994
22.7715147346273	-1.81295018601769
38.3114725693206	37.3843545631298
39.1236153016995	22.1686571693876
35.6316280004359	-8.61772906176618
43.7579041320849	-63.8258081046113
52.0277785020039	85.3698600765372
35.0866607190449	11.1542884232286
54.6167402720485	-24.0682207915279
-45.3036525098941	32.4810456506993
13.1840696136824	3.4551714853045
-64.2053326472607	49.6068359055254
-12.7273745601273	6.76830650568664
5.15297374449804	0.437560044581725
21.9141516045983	4.8678664409355
77.8659462826045	-7.29170470541484
-38.4592073117023	-7.26329013742823
7.0502800557887	23.9117952504991
31.7730935809388	49.345940578859
-48.4579751242134	23.7408573331414
35.24765720151	-81.3394335004754
-32.2434679290835	38.4740603228964
44.5631199235574	66.5001993498558
-26.9855910267713	7.97804692736872
47.8014205281609	5.46581850462268
13.5154305469991	9.33624973564648
45.4378379129111	1.41419410681115
45.121309831782	-14.2958552468323
-48.2299859680959	-3.25323130209
27.515445637237	-20.7422072303975
-21.3179905443827	3.4708313009203
-47.397046741563	-5.462346043349
35.0531487223353	-40.3898279941346
-36.5268516118916	-0.539728373514698
41.6358817390776	53.4974359187588
20.394253365417	4.05284261310356
31.4337506724726	-0.404520017680078
16.0216990605789	-0.923006073804404
-13.4144535800483	-47.0350501548329
16.825958922653	6.10887292260312
57.5668345731495	61.9455426258242
46.8874908414216	47.6543767035755
-48.9420111224921	28.4299154688136
28.132615059115	-38.3212360815953
-3.72928386227522	-4.54884598361393
80.5180963714834	3.72393148078693
-51.3244383343702	10.8645895764145
24.0915179024336	-18.1763643226627
37.5922608978352	-6.06615500834469
59.855169856634	66.3235121807834
65.3753858565805	4.64434661814586
31.6349652805092	-29.4103653899156
50.7425405448871	27.5871116452608
-6.36899894420002	-8.4337061099042
11.9324959941388	-17.5183236069409
-49.2977528804615	-5.24481595831811
49.9360629116	7.28189569310017
2.08900277911724	-14.7393502841844
66.2581202029858	-3.8731531072783
5.041010356298	0.0428170776345699
32.1387591366345	-7.02081675288177
51.6398936787485	11.2406998169743
43.1105907431786	-8.487503713683
-40.376850611724	23.9381817125673
3.28667571219188	4.2329347620289
56.6150517220178	-30.3966246244709
6.13023798800829	-1.03717901104996
34.1902771608696	3.28489118663342
45.5091736758734	-26.4920209256036
-57.9275656516492	20.9238987268693
-1.4308334170308	0.294664088158078
-30.9800830918916	-10.4917475529809
5.78942900779038	-24.8475546853046
39.2447858951676	57.102971400026
-44.7734858157194	49.2055055750311
-43.2963680121527	-3.9983748686399
35.5328685429821	-45.6359640044501
-46.1587006266558	-12.470243811209
-33.5511045648466	-11.9768473777295
44.456466899196	1.08603478785905
-34.1628348993035	-20.7825791726705
82.8200376998984	1.43845805268704
31.8660011650557	5.22646567583244
35.7043570838014	-47.0580655496077
-10.1021900120312	9.86139309405611
32.0562379921284	-14.1200544219224
29.5826166097554	-6.4965337970692
-43.9619074604692	43.196588781348
44.688788106145	-14.5713634697219
-39.930524613182	-3.22537128151022
-34.3911095761072	-23.0732111388607
-50.7010579550923	-38.2971926733662
34.0977495065828	-10.4638190002836
0.911524391174366	0.676106491574994
-8.90278587032613	0.26118071984641
43.1102294586835	29.7720920336961
-34.9231138785834	-2.50557571218238
-37.0752134520383	50.4303045312708
-35.8126598640208	25.4218140422988
12.0814699719198	2.52792282769071
35.4546187377981	-13.6084268359328
46.5227596957874	13.4045987112094
55.1616913515589	29.3589193604879
-33.670550318626	12.41866242703
56.5264682592938	-22.9327869714225
44.3617360519383	-36.1354813699973
47.6708460183653	-5.68830916070061
46.1904359760081	30.7375160691265
30.739723447134	-61.1561237839892
37.6911435449098	39.7170038534458
-40.4594856019763	-41.8910065842033
-27.234088394958	-40.8293652890483
53.0023750718185	36.7166025153363
25.499988435066	-6.53715125463547
-43.1541203978608	33.9040133151406
-54.5605323523535	36.7865094584153
-51.2183105463434	33.8151582318955
-35.5051106703977	-13.1490320446541
42.7850856012509	36.0880172305342
14.0238810219299	-112.514649670809
56.5648175169795	92.8654459630834
29.0204602733875	-25.4483582831264
-22.5365201767348	23.6819283233959
-35.5012983243499	64.8267676454806
42.6585865693345	-8.79547732694623
37.8323956168169	-23.9927102974795
31.4014176054288	-84.6517800820229
44.2778551786419	38.6886340264276
-24.5961676978321	4.43630788267638
16.804805878805	-0.587788935439649
39.7958788574407	18.0157820816406
-36.6962798628166	-33.8809803452446
-111.784911335701	-10.3181924947776
46.3857925251697	30.7349944969238
3.10190227595333	11.3873535250432
-65.7458661511321	14.6285671993756
63.2921300577628	29.6543584461378
-46.1887847333594	-26.5644857443544
48.9734390030901	25.0272347680361
50.050603410394	50.4724805457932
44.8177313392605	-29.5872316306273
42.8310874704213	21.1376040686641
33.8447401878262	16.3514930796035
-16.715110268293	-10.2571345381442
-43.6676122776609	47.2474723147498
43.4842052152442	-19.5160454337013
-1.65262334571027	-4.49445377363144
-45.8847831200984	53.3036781751752
43.8514574083132	-1.73220684242833
55.7270810554819	53.4956802413834
-24.3313465106101	42.7328874481152
-35.5301862150691	-34.4740213129371
-30.1339244848588	11.2967469300949
-37.1923405067005	18.369783366112
3.66944775789837	-3.78576288357432
50.4822812748322	25.3303782953629
-44.548837081335	76.6710986013127
-50.997066551477	-59.9797378816672
-23.2134356672836	2.04801858802532
58.4642997134933	32.7543259400392
22.0483030454014	-11.7772072664541
-23.045399391557	9.55167658917408
42.5589705538451	9.82131658053799
12.2349959109954	-12.1444675435908
21.8509545092104	-11.5397862050178
1.55939094432535	-5.01713990766528
-36.9922446699535	14.6934392229193
44.1857675551137	-18.9892748038542
40.3800252798459	40.498824445466
-54.9756748376534	10.0597549946476
-42.7051470830982	13.4680591825872
-51.1676070089651	5.99810781381261
57.3212483944154	28.2015370032065
-24.3665408830252	53.1194551829975
32.7272819421326	-21.43622614672
-19.6495276503918	-5.5995518969132
-50.2630659482413	-6.44728911599753
-51.4215473663895	13.4737185164058
19.5833526092319	-7.99711173477286
-36.6250325887082	-0.738387730598348
34.0631887125127	7.56902797133713
-31.9060081554924	23.7010876594342
44.0446613596892	-15.1016783761335
-19.5106584338814	16.0368701327708
31.5853810496371	52.5285190114716
38.5708344250695	0.838380094283616
-21.4219148561119	2.40444415557244
-46.9060094608318	5.85036774954407
18.5985655623111	-39.7898059444907
11.4917255318004	-2.29087289584601
52.8747460616237	-25.5503538610033
-44.0499764808666	37.5987301144573
-51.6997585383294	49.1926319850679
22.81783971549	-120.845445111854
58.8821486312471	39.8907665610745
36.6908888246146	-0.785328553047736
18.5086972491447	-1.9923746536111
-0.249466070517965	6.96032737124068
38.786315996858	14.8066571800634
39.5648943000634	-4.12381593573617
45.9887347073198	-31.0091097273228
51.5470714349223	35.214341869848
-1.46472840775877	-13.9662071573071
46.6789686432071	-15.9010162867904
46.94942072259	-70.0276561281121
41.5257733073465	9.96477894296267
32.7077674222801	7.62819635217788
11.7661704687513	-28.6818921163276
31.5113259159328	-66.1170469673099
37.2636784796527	16.305330478738
42.2029543012477	-36.2461650493875
10.8493912909788	5.79005537293144
36.1269389563066	0.118387614531051
-46.4036124018556	25.5521722723876
48.5801422600997	38.0542216360483
-14.6302031686587	13.3686732315942
-13.1201356555265	-0.0840314318736696
-22.1112119651555	-5.76205257609188
39.5474184572751	-19.6680214126073
-12.7778097857073	-8.44205723179106
10.3316088510672	13.9118512004043
-38.5084333051956	-21.8917641331316
-25.5473856859252	-23.1661675694999
-36.5097077917164	36.5678596535108
-35.1718865314492	7.76633481317707
48.764161579358	-39.8021383693488
19.5479961084969	-47.7716279856324
-33.3599886896635	-16.1121978715965
47.6390984214649	0.60184198035488
-43.3382015629173	63.6823480323076
53.2241098246771	119.69697255722
-37.702204329579	34.1539826616823
21.7477852468831	3.0588188683823
41.1601256410451	-84.0116093916582
36.0676676421614	21.2189223652076
-40.693754793659	8.94097541044893
51.2325120750163	2.90756641642627
-49.6729618133683	71.1546887921362
60.8930139834215	53.4277290274488
-24.9498778369464	-43.275608291997
43.7744388056823	3.37120369277709
50.8749246479643	8.66861886853342
-52.4157032758543	20.2613042982214
-24.6283165530133	5.53921898324118
46.9005975979045	0.687456769968265
47.0732380969081	-7.53136561962747
-45.9873168087719	-9.6079957316981
-34.1717300912866	17.89153720451
51.8626558415652	15.6174218304641
44.2045370826142	-79.6187906800534
58.7272058162811	54.5971251395915
-38.5038718505733	34.9101652142695
35.688402768416	-28.474589576672
38.4357627259738	30.7884816184403
-34.7933889230781	-28.9555522920267
47.9202702377295	-0.922937055142353
72.5339731127215	72.7244334078163
-38.2324357844859	-6.23364690778861
34.6662565813343	24.9328420005662
-2.28345204170414	3.71156491321571
41.7701786077827	-14.2956170873219
42.1456720312918	43.0240794085074
48.8628653244867	16.0104535941321
49.0249619976012	-2.36814780259517
-25.1758547407005	-0.125930650089751
-33.8955131092315	-0.303563657489768
-22.4039974024888	3.47056034728037
-41.7161618840602	29.1027829838158
51.7756416153927	-50.2900694655972
2.03014440349994	-1.89306985400733
-14.1518619569938	-8.09226170898
-43.9850308909723	-20.0846966713768
-31.2897789668949	61.3539836387484
-44.0550537620212	7.58670313560106
50.8702844539105	-19.2270425751286
-41.6581100845212	11.3267600487811
43.6805222463889	4.35025232724437
26.6739904737669	-54.3180049501432
11.7841706808112	3.71376470861187
4.7585611020561	17.5546394486772
43.546958301029	-13.8312179809869
-39.3941178558746	9.97537285760828
-24.7483446034874	-5.78838093919294
42.2967919847586	-1.80309786374811
34.6821879710574	6.89451604845407
30.4999735811229	-37.1363839143009
25.6133056554968	-12.7830372885248
-11.0503007216315	-0.447877573583946
38.7941562991349	-16.2263443886038
34.4263977923492	-23.6493243103196
